
[PARAMETERS]
WIDTH=2048.000000
HEIGHT=2048.000000
MARGIN=20
SCALE_FACTOR=0.181117
MAX_SIZE=1600
X_OFFSET=173.232940
Z_OFFSET=198.544997
DRAWING_SIZE=10
